========================
   
   Entropy Results 
   
========================


==> attRankEntropy.txt <==
g1671,5.9828125e+01,4.3507219e-01
g249,1.6962275e+03,3.8440211e-01
g493,3.7938938e+02,3.7545797e-01

==> entropyItemMap.txt <==
g1671,(-,5.9828125e+01),0
g1671,[5.9828125e+01,+),1
g249,(-,1.6962275e+03),2
g249,[1.6962275e+03,+),3
g493,(-,3.7938938e+02),4
g493,[3.7938938e+02,+),5

==> itemizedDataEntropy.txt <==
1,2,5
0,3,5
1,2,4
0,2,5
1,2,4
0,3,5
1,2,4
0,3,5
1,2,4
0,3,5
1,2,4
0,3,5
1,2,4
0,3,5
1,2,5
0,2,5
1,2,4
0,2,5
1,2,4
0,3,5
1,2,5
0,3,5
1,2,4
1,2,4
1,2,4
1,2,4
1,2,4
1,2,4
1,2,4
1,2,4
1,2,4
1,2,4
1,2,4
1,2,4
1,2,4
1,2,4
1,2,4
1,2,4
0,3,5
1,2,4
1,2,4
0,3,5
1,3,5
1,2,4
1,3,5
1,2,5
1,2,4
0,3,5
1,2,5
1,3,5
1,2,4
1,2,4
1,2,4
1,3,5
1,2,4
1,3,4
1,2,4
1,2,4
1,2,4
1,3,5
1,2,4
1,3,5






===========================
   
   Equidensity Results 
   
===========================


==> equidensityItemMap.txt <==
g1671,(-,7.6037500e+01),0
g1671,[7.6037500e+01,1.7078562e+02),1
g1671,[1.7078562e+02,3.4823313e+02),2
g1671,[3.4823313e+02,+),3
g249,(-,3.3111500e+02),4
g249,[3.3111500e+02,6.5876875e+02),5
g249,[6.5876875e+02,1.9810100e+03),6
g249,[1.9810100e+03,+),7
g493,(-,2.0760250e+02),8
g493,[2.0760250e+02,3.4764500e+02),9
g493,[3.4764500e+02,5.9727125e+02),10
g493,[5.9727125e+02,+),11

==> itemizedDataEquidensity.txt <==
0,5,11
0,7,11
2,4,9
0,6,11
3,5,8
0,7,10
3,4,8
0,7,11
3,5,8
0,7,11
2,5,10
0,7,11
1,5,9
0,6,11
1,5,10
0,4,10
1,4,8
0,5,11
2,4,9
0,7,11
2,4,10
0,7,11
3,4,8
2,4,9
1,5,9
1,4,8
2,5,8
3,4,9
1,5,9
2,5,9
2,5,9
2,6,8
1,4,8
3,6,9
2,5,9
3,4,8
0,4,9
3,4,8
0,7,10
2,5,8
1,5,8
0,6,10
1,7,11
3,6,9
1,7,11
3,6,10
2,6,8
0,6,10
0,6,11
2,7,11
1,6,10
2,6,10
3,6,9
1,7,10
3,4,8
2,7,10
1,5,9
1,4,8
1,6,9
1,6,10
3,4,8
3,7,10
